Year	Month	Day	Hour	Minute
2024	5	14	6	4
2024	5	6	11	12
2024	4	26	15	32
2024	4	29	12	37
2024	5	6	16	20
2024	5	1	16	22
2024	5	8	9	24
2024	5	13	13	5
2024	5	5	14	20
2024	5	11	22	42
2024	5	2	12	21
2024	5	2	14	35
2024	5	8	12	13
2024	5	13	13	46
2024	5	2	14	15
2024	5	16	15	0
2024	5	10	17	45
2024	4	30	15	30
2024	4	24	14	33
2024	5	3	14	36
2024	4	14	13	52
2024	4	23	13	54
2024	4	23	23	5
2024	4	26	14	22
2024	4	26	17	17
2024	4	27	16	39
2024	4	27	17	28
2024	4	28	6	36
2024	4	28	13	21
2024	4	28	15	35
2024	4	29	12	30
2024	4	29	13	8
2024	4	29	14	17
2024	4	29	14	20
2024	4	29	14	23
2024	4	29	14	25
2024	4	29	14	42
2024	4	29	15	0
2024	4	29	15	37
2024	4	29	22	31
2024	4	30	13	2
2024	4	30	13	23
2024	4	30	14	22
2024	4	30	14	30
2024	4	30	14	42
2024	4	30	14	58
2024	4	30	20	14
2024	4	30	20	38
2024	5	1	14	2
2024	5	1	14	22
2024	5	1	14	23
2024	5	2	14	21
2024	5	2	14	31
2024	5	2	14	36
2024	5	3	14	10
2024	5	3	14	22
2024	5	3	14	23
2024	5	3	15	0
2024	5	3	15	6
2024	5	3	15	28
2024	5	3	15	54
2024	5	3	16	21
2024	5	3	16	39
2024	5	4	12	1
2024	5	4	12	3
2024	5	4	14	23
2024	5	4	15	10
2024	5	5	12	51
2024	5	5	16	40
2024	5	6	16	40
2024	5	7	16	39
2024	5	14	14	23
2024	4	14	13	52
2024	4	23	13	54
2024	4	23	23	5
2024	4	26	14	22
2024	4	26	17	17
2024	4	27	16	39
2024	4	27	17	28
2024	4	28	6	36
2024	4	28	13	21
2024	4	28	15	35
2024	4	29	12	30
2024	4	29	13	8
2024	4	29	14	17
2024	4	29	14	20
2024	4	29	14	23
2024	4	29	14	25
2024	4	29	14	42
2024	4	29	15	0
2024	4	29	15	37
2024	4	29	22	31
2024	4	30	13	2
2024	4	30	13	23
2024	4	30	14	22
2024	4	30	14	30
2024	4	30	14	42
2024	4	30	14	58
2024	4	30	20	14
2024	4	30	20	38
2024	5	1	14	2
2024	5	1	14	22
2024	5	1	14	23
2024	5	2	14	21
2024	5	2	14	31
2024	5	2	14	36
2024	5	3	14	10
2024	5	3	14	22
2024	5	3	14	23
2024	5	3	15	0
2024	5	3	15	6
2024	5	3	15	28
2024	5	3	15	54
2024	5	3	16	21
2024	5	3	16	39
2024	5	4	12	1
2024	5	4	12	3
2024	5	4	14	23
2024	5	4	15	10
2024	5	5	12	51
2024	5	5	16	40
2024	5	6	16	40
2024	5	7	16	39
2024	5	14	14	23